/*--------------------------------*- C++ -*----------------------------------*\
| =========                 |                                                 |
| \\      /  F ield         | OpenFOAM: The Open Source CFD Toolbox           |
|  \\    /   O peration     | Version:  dev                                   |
|   \\  /    A nd           | Web:      www.OpenFOAM.org                      |
|    \\/     M anipulation  |                                                 |
\*---------------------------------------------------------------------------*/
FoamFile
{
    version     2.0;
    format      ascii;
    class       volScalarField;
    location    "0";
    object      p;
}
// * * * * * * * * * * * * * * * * * * * * * * * * * * * * * * * * * * * * * //

dimensions      [1 -1 -2 0 0 0 0];

internalField   nonuniform List<scalar> 
500
(
10100
10100
10100
10100
10100
10100
10100
10100
10100
10100
10100
10100
10100
10100
10100
10100
10100
10100
10100
10100
10100
10100
10100
10100
10100
10100
10100
10100
10100
10100
10100
10100
10100
10100
10100
10100
10100
10100
10100
10100
10100
10100
10100
10100
10100
10100
10100
10100
10100
10100
10100
10100
10100
10100
10100
10100
10100
10100
10100
10100
10100
10100
10100
10100
10100
10100
10100
10100
10100
10100
10100
10100
10100
10100
10100
10100
10100
10100
10100
10100
10100
10100
10100
10100
10100
10100
10100
10100
10100
10100
10100
10100
10100
10100
10100
10100
10100
10100
10100
10100
10100
10100
10100
10100
10100
10100
10100
10100
10100
10100
10100
10100
10100
10100
10100
10100
10100
10100
10100
10100
10100
10100
10100
10100
10100
10100
10100
10100
10100
10100
10100
10100
10100
10100
10100
10100
10100
10100
10100
10100
10100
10100
10100
10100
10100
10100
10100
10100
10100
10100
10100
10100
10100
10100
10100
10100
10100
10100
10100
10100
10100
10100
10100
10100
10100
10100
10100
10100
10100
10100
10100
10100
10100
10100
10100
10100
10100
10100
10100
10100
10100
10100
10100
10100
10100
10100
10100
10100
10100
10100
10100
10100
10100
10100
10100
10100
10100
10100
10100
10100
10100
10100
10100
10100
10100
10100
10100
10100
10100
10100
10100
10100
10100
10100
10100
10100
10100
10100
10100
10100
10100
10100
10100
10100
10100
10100
10100
10100
10100
10100
10100
10100
10100
10100
10100
10100
10100
10100
10100
10100
10100
10100
10100
10100
10100
10100
10100
10100
10100
10100
101000
101000
101000
101000
101000
101000
101000
101000
101000
101000
101000
101000
101000
101000
101000
101000
101000
101000
101000
101000
101000
101000
101000
101000
101000
101000
101000
101000
101000
101000
101000
101000
101000
101000
101000
101000
101000
101000
101000
101000
101000
101000
101000
101000
101000
101000
101000
101000
101000
101000
101000
101000
101000
101000
101000
101000
101000
101000
101000
101000
101000
101000
101000
101000
101000
101000
101000
101000
101000
101000
101000
101000
101000
101000
101000
101000
101000
101000
101000
101000
101000
101000
101000
101000
101000
101000
101000
101000
101000
101000
101000
101000
101000
101000
101000
101000
101000
101000
101000
101000
101000
101000
101000
101000
101000
101000
101000
101000
101000
101000
101000
101000
101000
101000
101000
101000
101000
101000
101000
101000
101000
101000
101000
101000
101000
101000
101000
101000
101000
101000
101000
101000
101000
101000
101000
101000
101000
101000
101000
101000
101000
101000
101000
101000
101000
101000
101000
101000
101000
101000
101000
101000
101000
101000
101000
101000
101000
101000
101000
101000
101000
101000
101000
101000
101000
101000
101000
101000
101000
101000
101000
101000
101000
101000
101000
101000
101000
101000
101000
101000
101000
101000
101000
101000
101000
101000
101000
101000
101000
101000
101000
101000
101000
101000
101000
101000
101000
101000
101000
101000
101000
101000
101000
101000
101000
101000
101000
101000
101000
101000
101000
101000
101000
101000
101000
101000
101000
101000
101000
101000
101000
101000
101000
101000
101000
101000
101000
101000
101000
101000
101000
101000
101000
101000
101000
101000
101000
101000
101000
101000
101000
101000
101000
101000
101000
101000
101000
101000
101000
101000
)
;

boundaryField
{
    walls
    {
        type            zeroGradient;
    }
    frontAndBack
    {
        type            empty;
    }
}


// ************************************************************************* //
